  Mars Model
           0               1.0           1
          96               3            11    92
        0.   6844.77   5548.28      0.00   10000.0       0.0   5548.28      0.00   1.00000
     5000.   6844.77   5548.28      0.00   10000.0       0.0   5548.28      0.00   1.00000
    10000.   6844.77   5548.28      0.00   10000.0       0.0   5548.28      0.00   1.00000
    10000.   6844.77   5548.28      0.00   10000.0       0.0   5548.28      0.00   1.00000
   241903.   6844.77   5548.28      0.00   10000.0       0.0   5548.28      0.00   1.00000
   483806.   6807.97   5513.94      0.00   10000.0       0.0   5513.94      0.00   1.00000
   725708.   6746.28   5456.31      0.00   10000.0       0.0   5456.31      0.00   1.00000
   967611.   6659.11   5374.78      0.00   10000.0       0.0   5374.78      0.00   1.00000
  1209514.   6545.60   5268.40      0.00   10000.0       0.0   5268.40      0.00   1.00000
  1451417.   6404.46   5135.80      0.00   10000.0       0.0   5135.80      0.00   1.00000
  1693320.   6233.92   4975.09      0.00   10000.0       0.0   4975.09      0.00   1.00000
  1693320.   4085.57   9650.03   5023.28   10000.0     118.5   9650.03   5023.28   1.00000
  1715805.   4079.91   9634.76   5016.06   10000.0     118.7   9634.76   5016.06   1.00000
  1738289.   4074.27   9619.53   5008.90   10000.0     119.1   9619.53   5008.90   1.00000
  1760774.   4069.12   9605.33   5002.62   10000.0     119.5   9605.33   5002.62   1.00000
  1783259.   4063.41   9589.93   4995.38   10000.0     120.0   9589.93   4995.38   1.00000
  1805743.   4052.43   9560.59   4977.31   10000.0     120.6   9560.59   4977.31   1.00000
  1828228.   4039.04   9523.79   4953.85   10000.0     121.1   9523.79   4953.85   1.00000
  1850713.   4033.07   9507.04   4946.32   10000.0     121.9   9507.04   4946.32   1.00000
  1873197.   4027.44   9491.23   4939.38   10000.0     122.7   9491.23   4939.38   1.00000
  1895682.   4021.42   9474.66   4931.78   10000.0     123.6   9474.66   4931.78   1.00000
  1918167.   4015.32   9457.17   4924.17   10000.0     124.5   9457.17   4924.17   1.00000
  1940651.   4008.80   9439.12   4916.03   10000.0     125.5   9439.12   4916.03   1.00000
  1963136.   4002.24   9421.20   4908.27   10000.0     126.5   9421.20   4908.27   1.00000
  1985621.   3989.48   9374.75   4882.46   10000.0     127.2   9374.75   4882.46   1.00000
  2008105.   3972.51   9310.80   4846.33   10000.0     127.6   9310.80   4846.33   1.00000
  2030590.   3960.24   9263.45   4821.41   10000.0     128.1   9263.45   4821.41   1.00000
  2053075.   3945.99   9209.08   4792.27   10000.0     128.5   9209.08   4792.27   1.00000
  2075560.   3933.70   9160.66   4767.64   10000.0     129.1   9160.66   4767.64   1.00000
  2098044.   3919.51   9104.69   4738.55   10000.0     129.7   9104.69   4738.55   1.00000
  2120529.   3913.09   9086.71   4731.96   10000.0     130.9   9086.71   4731.96   1.00000
  2143014.   3905.28   9066.42   4724.23   10000.0     132.2   9066.42   4724.23   1.00000
  2165498.   3898.63   9047.67   4717.40   10000.0     133.5   9047.67   4717.40   1.00000
  2187983.   3891.26   9027.96   4711.01   10000.0     134.9   9027.96   4711.01   1.00000
  2210468.   3883.56   9006.77   4702.37   10000.0     136.3   9006.77   4702.37   1.00000
  2232952.   3876.72   8987.51   4695.68   10000.0     137.7   8987.51   4695.68   1.00000
  2255437.   3869.61   8967.82   4689.14   10000.0     139.1   8967.82   4689.14   1.00000
  2277922.   3862.41   8948.36   4683.34   10000.0     140.3   8948.36   4683.34   1.00000
  2300406.   3800.99   8719.44   4544.86   10000.0     139.1   8719.44   4544.86   1.00000
  2322891.   3750.35   8541.07   4440.16   10000.0     138.2   8541.07   4440.16   1.00000
  2345376.   3728.47   8472.00   4404.36   10000.0     139.0   8472.00   4404.36   1.00000
  2367860.   3719.63   8430.38   4377.58   10000.0     140.0   8430.38   4377.58   1.00000
  2390345.   3707.81   8395.96   4363.19   10000.0     141.5   8395.96   4363.19   1.00000
  2412830.   3696.58   8362.55   4349.79   10000.0     142.9   8362.55   4349.79   1.00000
  2435314.   3686.20   8330.33   4336.49   10000.0     144.3   8330.33   4336.49   1.00000
  2457799.   3676.33   8301.05   4324.97   10000.0     145.7   8301.05   4324.97   1.00000
  2480284.   3667.69   8274.58   4315.40   10000.0     147.1   8274.58   4315.40   1.00000
  2502769.   3659.17   8247.83   4305.53   10000.0     148.4   8247.83   4305.53   1.00000
  2525253.   3650.83   8221.61   4296.20   10000.0     149.7   8221.61   4296.20   1.00000
  2547738.   3643.05   8197.21   4287.61   10000.0     150.9   8197.21   4287.61   1.00000
  2570223.   3635.33   8172.90   4279.24   10000.0     152.0   8172.90   4279.24   1.00000
  2592707.   3627.66   8148.91   4271.52   10000.0     153.0   8148.91   4271.52   1.00000
  2615192.   3619.93   8124.41   4263.36   10000.0     154.0   8124.41   4263.36   1.00000
  2637677.   3612.44   8100.75   4255.60   10000.0     154.9   8100.75   4255.60   1.00000
  2660161.   3605.07   8077.23   4247.86   10000.0     155.6   8077.23   4247.86   1.00000
  2682646.   3597.50   8053.01   4240.20   10000.0     156.2   8053.01   4240.20   1.00000
  2705131.   3590.15   8029.06   4232.48   10000.0     156.6   8029.06   4232.48   1.00000
  2727615.   3582.18   8003.71   4224.61   10000.0     157.0   8003.71   4224.61   1.00000
  2750100.   3574.20   7977.75   4216.45   10000.0     157.1   7977.75   4216.45   1.00000
  2772585.   3566.65   7953.42   4208.86   10000.0     157.1   7953.42   4208.86   1.00000
  2795069.   3558.98   7928.10   4200.90   10000.0     157.0   7928.10   4200.90   1.00000
  2817554.   3551.34   7903.06   4193.14   10000.0     156.7   7903.06   4193.14   1.00000
  2840039.   3543.82   7878.16   4185.41   10000.0     156.2   7878.16   4185.41   1.00000
  2862524.   3536.13   7853.04   4177.56   10000.0     155.6   7853.04   4177.56   1.00000
  2885008.   3527.99   7826.88   4170.00   10000.0     154.8   7826.88   4170.00   1.00000
  2907428.   3520.31   7800.11   4161.51   10000.0     153.8   7800.11   4161.51   1.00000
  2929703.   3512.08   7771.80   4152.88   10000.0     152.7   7771.80   4152.88   1.00000
  2951967.   3503.61   7742.46   4143.46   10000.0     151.3   7742.46   4143.46   1.00000
  2974156.   3495.14   7713.90   4135.23   10000.0     149.8   7713.90   4135.23   1.00000
  2996360.   3486.59   7683.74   4125.78   10000.0     148.1   7683.74   4125.78   1.00000
  3018528.   3477.51   7651.52   4116.21   10000.0     146.3   7651.52   4116.21   1.00000
  3040964.   3468.19   7617.81   4106.39   10000.0     144.3   7617.81   4106.39   1.00000
  3064500.   3458.30   7581.59   4095.71   10000.0     142.1   7581.59   4095.71   1.00000
  3089500.   3446.88   7538.81   4083.30   10000.0     139.7   7538.81   4083.30   1.00000
  3109500.   3437.10   7499.50   4071.11   10000.0     137.6   7499.50   4071.11   1.00000
  3129500.   3425.78   7452.50   4058.06   10000.0     135.5   7452.50   4058.06   1.00000
  3149500.   3414.32   7404.89   4045.74   10000.0     133.4   7404.89   4045.74   1.00000
  3169500.   3399.97   7341.03   4028.62   10000.0     131.3   7341.03   4028.62   1.00000
  3189500.   3388.53   7294.36   4016.54   10000.0     129.2   7294.36   4016.54   1.00000
  3199500.   3384.48   7279.69   4012.79   10000.0     128.2   7279.69   4012.79   1.00000
  3209500.   3380.42   7265.10   4009.15   10000.0     127.3   7265.10   4009.15   1.00000
  3219500.   3376.34   7250.41   4005.52   10000.0     126.4   7250.41   4005.52   1.00000
  3229500.   3372.12   7235.71   4001.97   10000.0     125.5   7235.71   4001.97   1.00000
  3239500.   3368.02   7219.85   3998.12   10000.0     124.7   7219.85   3998.12   1.00000
  3249500.   3363.61   7202.72   3993.51   10000.0     123.4   7202.72   3993.51   1.00000
  3259500.   3359.26   7186.62   3989.22   10000.0     122.1   7186.62   3989.22   1.00000
  3269500.   3354.71   7169.51   3984.36   10000.0     120.6   7169.51   3984.36   1.00000
  3279500.   3349.88   7150.24   3978.62   10000.0     118.7   7150.24   3978.62   1.00000
  3289500.   3345.16   7132.10   3973.24   10000.0     116.9   7132.10   3973.24   1.00000
  3299500.   3359.50   7212.61   4159.16   10000.0     152.0   7212.61   4159.16   1.00000
  3305940.   3368.40   7262.09   4188.83   10000.0     156.1   7262.09   4188.83   1.00000
  3317191.   3196.59   6684.12   3784.80   10000.0     127.4   6684.12   3784.80   1.00000
  3317191.   3076.41   6601.63   3443.62   10000.0     127.4   6601.63   3443.62   1.00000
  3321726.   3076.41   6601.63   3443.62   10000.0     119.0   6601.63   3443.62   1.00000
  3321726.   2954.01   5989.61   3035.61   10000.0     119.0   5989.61   3035.61   1.00000
  3389500.   2954.01   5989.61   3035.61   10000.0     600.0   5989.61   3035.61   1.00000
